MESURES DES HAU'I'EURS ΕΤ DES MOUVEMENTS DES NUAGES. fil

 

 

 

 

 

 

 

 

 

 

 

 

 

 

 

 

 

 

 

 

¹334· ,111111οε mesum-s nux coordonltfees ⁶⁸¹* ¹¹5? Ξ ff
“ , cu ces Ξ -
13²²}oe Espbce de nuage thoedomes (011 11101103)
e

Heme h, 11, ιι, “2 a: y 1 ε 2³ ἷξ-

ι1” 1 t 1 ,, ; , ¹
1J7h138emg⁵ Νὶ), sommet ........ 38,17 51⁰10 26.'33 341'42 1021 464 901v 80 1⁰76 110
17 40 0 Ξ 10 11101110, agrandi . . . . 51. 38 61, 35 314.97 28650 581 -- 563 1035 3S o.875 38
17 4² 30 10 11101110 .......... 24. 08 23. 23 27222 258531 67 - 1737 769 15 0222 16
17 49 15 {Cr ··············· 37-08 3582 203-63 202-93‘ — 8149 —3596 6719 59 0³3,2 940
17 51 30 10 11101110 .......... 29-78 28. 82 21333 21278 -9700 -6448 6633 130 0281 1810
17 54 3ο {Cr ............... 3038 39.77 30200 29052 4617 -7400 7121 62 0160 655
17 56 0 10 meme .......... 3543 3548 29080 28862 3735 - 9833 7440 72 0129 827
18 0 o [Or . , . ,- ........... 37.72 37.18 22763 22027 -8827 -966710130 21 0036 742
18 2 0 l 10 11101110, peu 1111119110 . , 3055 3013 22997 228. 52 -8230 -9800 7575 34 0066 477
18 5 30 Beau 01 ............ 19.75 2002 4343 44.3214000 13240 6909 19 0027 672
18 7 30 10 meme .......... 2242 23401 4080 41, 571 8885 7588 4868 152 0349 1440
18 10 0 10 11101110 .......... 27. 95 2843 3522 3035 10898 7701 7058 43 0082 728
18 11 3ο 10 11101110 .......... 3²·00 33.13 3077 31. 70 8776 5193 6395 68 0164 421
18 13 o 10 meme .......... 37. 25 38. 25 24. 00 24,72 10710 4749 89171 37 0072 841
18 14 30 le 11101110 .......... 43,08Ι 44 85 14 05 14184 6595 1601 6343 95 0298 1380
18 16 0 10 11101110 .......... 4038 5103 357. 72 35767 7427 .- 290 8666 11 0928 451
18 17 30 10 meme .......... 45292 5482 336. 50 33437] 5012 -2192 72263 26 0081 363
18 20 ο 10 meme .......... 49, 55 5013 298. 38 295-75'. 3442 - 6252 83421 41 0.109 538
18 22 25 10 11101110 .......... 39,οὸ 39 13 275 601 27287 860 -8765 7145 14 0036 299
18 25 15 {Cr bande ........... 47. 75 45, 67 21613 21450 -4304 -3194 5866 96 0339 863
18 27 0 rie 11161110 .......... 3850· 37 9ο, 22288 22103ἢ - 6878 -6368 7498 68 0161 856
18 34 0 ,bande ........... 29. 92 29. 53* 22847 227.43;,-11440 -12911 9928 6 0008 827
18 39 0 Cr (10011110 .......... 57,58 5085 30530 300651, 2133 -2953 58021 98 0414 1010
Juillet 18
12 50 0 {Petit Nb ..... . ..... 5358 4567 13342 15227 - 513 518 1049 70 1,44 103
12 53 40 10 11101110 .......... 2025 2475 24145 23155 - 934 - 1712 983 38 0474 52
12 56 0 ¹[Nb ............... 6025 5350 15555 16018 - 370 166 1078 19 0433 27
12 58 45 l 10 11101110 ...... .‘ . , , 3067 2805 24200 23195 »- 895 - 1682 1132 5 0057 12
13 1 o Petit Nb, presque dlssous 5045 4803 8600 110.85 65 927 1115 14 0279 19
13 4 o Petit Nb ........... 4725 4150 25488 23433 - 245 — 919 1015 19 0383 25
13 6 45 Petit Om ........... 2292 2302 97-92 103.78 - 550 3958 1709 36 0236 78
13 8 0 1 10 11101110 (10011110 ..... 3408 3302 101.67 110.o3 - 550 2662 1838 1 0012 21
13 16 o 1AlC¹³² ............ 3825 4033 29208 28343 1001 -2450 2109 38 0325 100
13 21 0 1 10 meme, presque dissous 17.92 18.17 264.92 26070 391 - 5580 1830 64 0309 143
Juinet 1 ,
12 41 33 'Petit Nb isole} ........ 6692 6060 9028 12083, -— 62 573 1338 19 0367 30
12 44 30 1 10 11101110, (1110111110 , . . , 4325 38. 55 24225 22083 *a 673 ψ 1287 1354 19 0268 36
12 49 30 {Nb³ 5011111101 . , . . . , . . ,Ι 45.78 45, 93 8225 9090 223 1675 1740 11 0128 25
12 51 0 1 10 meme, enflocondetaohe 7792 64. 87 11472 14648 — 120 312 13761 87 1.71 142
12 53 30 Nb, langue .......... 35, 75 3188 12333 13308 — 975 1488 1274]Ὶ 12 0146 23
13 0 15 { presque 10 11101110 ..... 27, 42 2403 21017 21313 —2377 — 1780 1506 86 0711 247
13 4 45 Nb ............... 4083 4068 19567 19595 ——1037 — 331 1298 17 0264 38
13 10 30 Nb ............... 26. 72 2443 ²19-92 216.oe -2622 — 2205 1718 24 0170 76
16 51 45 Cr .............. 45 05 44.32 22238 21058 -4640 -— 4220 6360 111 0353 1080
17 7 0 Cr ............... 4240 4193 215.25 213.33 -7775 -4760 7660 145 0364 1900
17 15 30 Cr (11011110 incertam). . . . 5808 5868 27508 271.42 556 —— 6060 9871 105 0265 1350
17 28 30 Or ............... 22.62 23.10 300.08 299.17 7045 - 12075 5870 121 0229 1470
17 34 45 Cr ............... 2558 24.77 21078 - ζ-10020 -- 7491 5990) 2 ¹? 7 ⁷
17 36 30 { 10 11101110 ........ 19.72 1003 22067 21098 -12790 -11030 5990 128 0202 1460
17 42 15 Α1-0111, point 10 plus haut 6092 6018 335.οὸ 33158 1785 — 784 35²3 85 0-577 399
17 45 45 Ξ 10 11101110 point S . . . . 4500 4538 271.οὸ 26565 86 -» 4383 4420 33 0242 293
17 49 3ο 10 meme, bord sup4rieu1 27.33 27.1ο 24805 24555 - 3299 - 8195 4581 30 0086 242
17 53 o ¹1x1b‚sommet ......... 4025 41.07 229.00 217.28 - 877 -— 998 1409 30 0424 61
17 54 15 1 10 meme ....... · . , 3455 31.73 239.05 229.77 — 1032 —1719 1385} 8 0.123 19
18 0 o 1Nb, sommet ......... 3895 4018 27755 26383 233 —— 1727 1438 45 05 6 76
18 3 011 presque 10 11101110 ..... 2825 2783 26392 25010 —- 318 -2986 16191 10 0085 28

 

