 

 

 

 

 

 

 

 

 

 

 

 

 

60 N. EKHOLM m* K. L. HAGSTR6M‚
53³
1834· Angles 1110511105 aux 0001.ᾱέὶὲἓὲζὲ Gal· ¹¹0}{ 3:3⁶²}
Date 135ρέ00 (10 nuage tthOlioes (en 11101105) ξὲἓῒ Η {3 {Z}
et 505 81ῡὲσέ 2Ηο
5 Ξ· ‘³ —· v= Φ
Heme h¹ 7²2 α, α2 :c y 2 8Ξέ Ξ Ξ
'sufflet 12 o 0 0 0 u
17Ιῑ281η30ε Al-Cm ............. 2903 27.22 22948 22470 - 2306 - 2698 1970 1 0.007 36
17 37 12 Petit ,ΔΙ-0111 (011 Str-Cm). . 41.75 41,13 9148 10453 - 46 1806 1620 11 6127 25
17 40 30 Α1-0111, petit flooon ..... 57.25 4813 16828 171.83 - 1027 210 1630 5 6071 18
17 42 15 Petit Al-Om .......... 5223 4447 18813 18608 - 1301 — 185 1695 4 6053 15
17 49 25 Cr minoe ........... 46.82 4817 1882 1930 8629 2908 9715 42 6091 849
17 58 0 101· 11111100, petite tache. . 1 4662 4863 35578 35517 6075 —— 463 6443 31 0.098 400
18 0 0 1 10 meme .......... 5142 53,95 353.78 35283 4693 —- 525 5915 27 6105 303
18 9 0 01· 11111100, peu 1112191ιὲ . . . 6142 6455 33980 33637 2858 - 1058 5586 15 6070 171
18 14 0 101, petite protubcirance . . 53.45 5538 18.52 2642 5180 1753 7362 39 6122 485
18 17 0 1 10 11101110, peu marque'z. , 56.92 5937 1290 14.οὸ 4435 1012 6986 9 6032 240
,11111101 1
17 5 g [Cm‚ 5011111101 ......... 44643 4365 112.12 12293 - 708 1742 1977 0 0.000 20
17 8 45 l 10 11101110 .......... 76.25 6428 163.95 171.17 -— 409 123 1741 11 o.173 27
17 14 0 ,ι Α1-0111, point de la base. . 42.92 4518 277.03 271.97 583 >fi 4723 4429 5 6022 100
17 16 27 1 10 11101110, 1111 peu (11550115 3817 3852 27375 26930 354 -- 5485 4252 25 6103 158
17 18 17 Al-Cm ............. 44.18 4452 27695 26430 231 - 1897 1858 0 6000 18
17 41 45 Or ou 01·-0111, petit flocon. 61.45 5865 22977 22322 - 1596 — 1890 4539 9 6052 101
17 48 30 ,01·-0111 ............ 1805 17.85 19693 19655 -20435 -6211 6983 50 6063 1730
17 50 42 l le 11101110 .......... 1680 1652 20153 201.12 -19609 -7738 6365 7 6009 1070
17 54 55 Petit 01·-0111 ......... 24.08 2518 18665 180.55 - 9344 - 100 4178 12 0.033 243
17 56 27 ,10111 typique. sommet . 1 . 1 5195 6248 1242 1930 1181 263 1545 6 6095 17
18 0 20 Ι 10 11101110,ᾶὶ550115 011 partie 3475 3790 30787 297.22 1246 - 1607 1408 6 6067 16
18 3 47 0111 101301* 5011111101 ...... 7353 6257 12912 15663 - 300 335 1531 45 6771 82
18 7 45 ἓ 10 11101110 .......... 5975 5807 27517 24955 84 -— 887 1521 12 6190 23
18 10 3ο 10 11101110 .......... 3523 3448 26523 25460 - 183 -- 2192 1555 4 6039 16
18 15 41 0111, 5011111101 ......... 4622 4573 10628 11597 - 261 1410 1498 10 6144 22
18 22 10 3 10 11101110, 1111 peu dissous 4608 3923 271.28 25813 40 — 1802 1510 17 6199 32
18 24 0 10 11101110, a p. p. dissous 3612 — 27502 26546 221 -02516 1465 7 l ?
18 25 57 0111, 5011111101 ......... 3862 3540 24278 23272 — 866 —- 1683 1505 11 6120 25
ι11111101 14
13 37 27 0111, sommet ......... 6045 5583 10658 12585 - 288 974 1781 13 6173 3ο
13 39 55 1 presque 10 11101110 point 1 67.42 60.57 113.67 137.30 - 278 643 1676 7 6107 19
13 43 50 [Cm typique, sommet . . . 41.08 3860 25213 24100 — 580 — 1803 1649 4 6039 16
13 47 25 1 10 11101110, point voisin . . 2972 2907 26358 25573 - 333 — 2964 1699 8 6067 26
13 51 32 Cm, sommet ......... 3325 3265 26387 25557 — 305 -- 2837 1875 14 6119 38
13 56 45 10111, 5011111101 ......... 41,78 3882 24903 23787 - 648 -- 1696 1615 7 6084 18
13 57 40 1 1011101110, 110111110 plus bas 23,22 2688 24903 23645 -- 574 -15005 686 5 6069 6
11111101 15
13 36 45 0111, 5011111101 ......... 2937 3618 28138 27462 699 -3458 2001 30 6215 77
13 41 2ο [0111 ............... 6745 8298 1522 6445 485 134 1211 3 6067 6
13 49 15 1 10 11101110 .......... 23.οὸ 2382 29533 28892 1531 - 3237 1522 27 6201 34
13 55 40 01· ............... 2528 2523 26222 26690 -2449-17945 8553 13 6018 597
14 3 45 01· ............... 2875 2928 31930 31827 11580 -- 9955 8360 33 6055 778
14 17 10 1Bande (10 er ......... 1805 1748 18825 18820 - 12115 - 1782 3989 50 6110 1100
14 23 5 l 10 11101110, autre point, . . ²²·72 22.00 200.63 20625 -12010 -4553 5361 36 6073 728
14 36 35 Petit 01, 90111110 plus 110111 5258 5630 16163 16237 - 4480 1520 6180 65 6235 658
14 38 10 3 10 meme .......... 51.83 4988 17797 177.87 —- 5751 217 7324 26 6080 422
14 39 25 10 meme .......... 5608 4813 18980 18833 — 5077 - 842 6177 79 6278 823
Juillet 1
17 10 57 ΙΝ1) ‹sm-forme, 5011111101 . . . 3992 3647 23663 22243 — 1289 — 1566 1705 12 6125 35
17 12 22 ’1 10 11101110 .......... 2750 2618 23183 22728 — 2452 - 3114 2072 15 6091 83
17 15 0 JNb (10011110 11010105 . . . . 5708 57.72 29827 25922 305 -- 581 975 43 1.067 57
17 16 30 1 10 11101110 11051110011511115 2742 3628 25913 24852 319 - 1818 1048 174 228 245
17 18 30 JNb (10011110, 5011111101 . . . . 4408 3783 12522 14293 -— 525 733 903 46 6962 57
17 20 0 1 10 11101110 ὰ p. p. dissous 42.42 34.72 18905 18668 — 1270 -— 200 1176 5 6063 16
17 33 0 [Νὴ (10011110 .......... 5538 7237 647 1625 758 93 1105 13 6299 19
17 36 0 l 10 11101110, 011 flocon (10120110 3742 34.17 26313 24527 — 145 - 1220 926 14 6403 25

 

 

 

 

 

 

